0.0
-45.35586983062188
-175.04674252215793
-176.35881474209867
177.20405545573016
171.61675151907065
-159.97238614926368
-169.0348033148621
177.13759477388825
170.95110979511819
147.87117903780128
160.79800623878972
165.96375653207352
152.0515655107047
136.35319195377969
123.69006752597979
-168.02673220153764
-157.7063708403059
132.8622502744911
124.91813353674416
-134.61199839498644
-137.18751181806363
53.022403647327494
59.93141717813756
120.13135624164656
121.63562804850005
165.4177137465887
167.9809975454555
-142.66394875324377
-148.5901626376359
-126.6070748126075
-122.66886053401196
-94.34050330614359
-85.306440092157
144.24611274556327
148.23147273706675
107.75635034065408
109.2434308549002
104.09778563492826
101.82530644714639
7.594643368591445
-5.9245819819824925
-49.436474485657364
-49.739482012062844
-96.95295746817392
-97.22179966818898
-166.02459081766824
-167.0121326225314
7.1614975956203795
48.47735901884017
72.3193540785628
94.1896369496067
-3.2046792040757697
-30.722554531175557
74.20116402361204
28.71465916844453
16.013605993880642
7.337315257448099
-73.77094609300647
-70.74692280329062
-45.746449271186194
-68.6849556861943
-133.42664260156545
-153.7544359047596
-93.43209043516859
-151.4448395046497
175.8965969359885
-165.95256406786658
151.18915808995314
-72.07717844679397
